501
0 1 2
1 -2 -2
2 3 4
3 -1 -1
4 5 6
5 -2 -2
6 7 8
7 -1 -1
8 9 10
9 -2 -2
10 11 12
11 -1 -1
12 13 14
13 -2 -2
14 15 16
15 -1 -1
16 17 18
17 -2 -2
18 19 20
19 -1 -1
20 21 22
21 -2 -2
22 23 24
23 -1 -1
24 25 26
25 -2 -2
26 27 28
27 -1 -1
28 29 30
29 -2 -2
30 31 32
31 -1 -1
32 33 34
33 -2 -2
34 35 36
35 -1 -1
36 37 38
37 -2 -2
38 39 40
39 -1 -1
40 41 42
41 -2 -2
42 43 44
43 -1 -1
44 45 46
45 -2 -2
46 47 48
47 -1 -1
48 49 50
49 -2 -2
50 51 52
51 -1 -1
52 53 54
53 -2 -2
54 55 56
55 -1 -1
56 57 58
57 -2 -2
58 59 60
59 -1 -1
60 61 62
61 -2 -2
62 63 64
63 -1 -1
64 65 66
65 -2 -2
66 67 68
67 -1 -1
68 69 70
69 -2 -2
70 71 72
71 -1 -1
72 73 74
73 -2 -2
74 75 76
75 -1 -1
76 77 78
77 -2 -2
78 79 80
79 -1 -1
80 81 82
81 -2 -2
82 83 84
83 -1 -1
84 85 86
85 -2 -2
86 87 88
87 -1 -1
88 89 90
89 -2 -2
90 91 92
91 -1 -1
92 93 94
93 -2 -2
94 95 96
95 -1 -1
96 97 98
97 -2 -2
98 99 100
99 -1 -1
100 101 102
101 -2 -2
102 103 104
103 -1 -1
104 105 106
105 -2 -2
106 107 108
107 -1 -1
108 109 110
109 -2 -2
110 111 112
111 -1 -1
112 113 114
113 -2 -2
114 115 116
115 -1 -1
116 117 118
117 -2 -2
118 119 120
119 -1 -1
120 121 122
121 -2 -2
122 123 124
123 -1 -1
124 125 126
125 -2 -2
126 127 128
127 -1 -1
128 129 130
129 -2 -2
130 131 132
131 -1 -1
132 133 134
133 -2 -2
134 135 136
135 -1 -1
136 137 138
137 -2 -2
138 139 140
139 -1 -1
140 141 142
141 -2 -2
142 143 144
143 -1 -1
144 145 146
145 -2 -2
146 147 148
147 -1 -1
148 149 150
149 -2 -2
150 151 152
151 -1 -1
152 153 154
153 -2 -2
154 155 156
155 -1 -1
156 157 158
157 -2 -2
158 159 160
159 -1 -1
160 161 162
161 -2 -2
162 163 164
163 -1 -1
164 165 166
165 -2 -2
166 167 168
167 -1 -1
168 169 170
169 -2 -2
170 171 172
171 -1 -1
172 173 174
173 -2 -2
174 175 176
175 -1 -1
176 177 178
177 -2 -2
178 179 180
179 -1 -1
180 181 182
181 -2 -2
182 183 184
183 -1 -1
184 185 186
185 -2 -2
186 187 188
187 -1 -1
188 189 190
189 -2 -2
190 191 192
191 -1 -1
192 193 194
193 -2 -2
194 195 196
195 -1 -1
196 197 198
197 -2 -2
198 199 200
199 -1 -1
200 201 202
201 -2 -2
202 203 204
203 -1 -1
204 205 206
205 -2 -2
206 207 208
207 -1 -1
208 209 210
209 -2 -2
210 211 212
211 -1 -1
212 213 214
213 -2 -2
214 215 216
215 -1 -1
216 217 218
217 -2 -2
218 219 220
219 -1 -1
220 221 222
221 -2 -2
222 223 224
223 -1 -1
224 225 226
225 -2 -2
226 227 228
227 -1 -1
228 229 230
229 -2 -2
230 231 232
231 -1 -1
232 233 234
233 -2 -2
234 235 236
235 -1 -1
236 237 238
237 -2 -2
238 239 240
239 -1 -1
240 241 242
241 -2 -2
242 243 244
243 -1 -1
244 245 246
245 -2 -2
246 247 248
247 -1 -1
248 249 250
249 -2 -2
250 251 252
251 -1 -1
252 253 254
253 -2 -2
254 255 256
255 -1 -1
256 257 258
257 -2 -2
258 259 260
259 -1 -1
260 261 262
261 -2 -2
262 263 264
263 -1 -1
264 265 266
265 -2 -2
266 267 268
267 -1 -1
268 269 270
269 -2 -2
270 271 272
271 -1 -1
272 273 274
273 -2 -2
274 275 276
275 -1 -1
276 277 278
277 -2 -2
278 279 280
279 -1 -1
280 281 282
281 -2 -2
282 283 284
283 -1 -1
284 285 286
285 -2 -2
286 287 288
287 -1 -1
288 289 290
289 -2 -2
290 291 292
291 -1 -1
292 293 294
293 -2 -2
294 295 296
295 -1 -1
296 297 298
297 -2 -2
298 299 300
299 -1 -1
300 301 302
301 -2 -2
302 303 304
303 -1 -1
304 305 306
305 -2 -2
306 307 308
307 -1 -1
308 309 310
309 -2 -2
310 311 312
311 -1 -1
312 313 314
313 -2 -2
314 315 316
315 -1 -1
316 317 318
317 -2 -2
318 319 320
319 -1 -1
320 321 322
321 -2 -2
322 323 324
323 -1 -1
324 325 326
325 -2 -2
326 327 328
327 -1 -1
328 329 330
329 -2 -2
330 331 332
331 -1 -1
332 333 334
333 -2 -2
334 335 336
335 -1 -1
336 337 338
337 -2 -2
338 339 340
339 -1 -1
340 341 342
341 -2 -2
342 343 344
343 -1 -1
344 345 346
345 -2 -2
346 347 348
347 -1 -1
348 349 350
349 -2 -2
350 351 352
351 -1 -1
352 353 354
353 -2 -2
354 355 356
355 -1 -1
356 357 358
357 -2 -2
358 359 360
359 -1 -1
360 361 362
361 -2 -2
362 363 364
363 -1 -1
364 365 366
365 -2 -2
366 367 368
367 -1 -1
368 369 370
369 -2 -2
370 371 372
371 -1 -1
372 373 374
373 -2 -2
374 375 376
375 -1 -1
376 377 378
377 -2 -2
378 379 380
379 -1 -1
380 381 382
381 -2 -2
382 383 384
383 -1 -1
384 385 386
385 -2 -2
386 387 388
387 -1 -1
388 389 390
389 -2 -2
390 391 392
391 -1 -1
392 393 394
393 -2 -2
394 395 396
395 -1 -1
396 397 398
397 -2 -2
398 399 400
399 -1 -1
400 401 402
401 -2 -2
402 403 404
403 -1 -1
404 405 406
405 -2 -2
406 407 408
407 -1 -1
408 409 410
409 -2 -2
410 411 412
411 -1 -1
412 413 414
413 -2 -2
414 415 416
415 -1 -1
416 417 418
417 -2 -2
418 419 420
419 -1 -1
420 421 422
421 -2 -2
422 423 424
423 -1 -1
424 425 426
425 -2 -2
426 427 428
427 -1 -1
428 429 430
429 -2 -2
430 431 432
431 -1 -1
432 433 434
433 -2 -2
434 435 436
435 -1 -1
436 437 438
437 -2 -2
438 439 440
439 -1 -1
440 441 442
441 -2 -2
442 443 444
443 -1 -1
444 445 446
445 -2 -2
446 447 448
447 -1 -1
448 449 450
449 -2 -2
450 451 452
451 -1 -1
452 453 454
453 -2 -2
454 455 456
455 -1 -1
456 457 458
457 -2 -2
458 459 460
459 -1 -1
460 461 462
461 -2 -2
462 463 464
463 -1 -1
464 465 466
465 -2 -2
466 467 468
467 -1 -1
468 469 470
469 -2 -2
470 471 472
471 -1 -1
472 473 474
473 -2 -2
474 475 476
475 -1 -1
476 477 478
477 -2 -2
478 479 480
479 -1 -1
480 481 482
481 -2 -2
482 483 484
483 -1 -1
484 485 486
485 -2 -2
486 487 488
487 -1 -1
488 489 490
489 -2 -2
490 491 492
491 -1 -1
492 493 494
493 -2 -2
494 495 496
495 -1 -1
496 497 498
497 -2 -2
498 499 500
499 -1 -1
500 -1 -1
